
222222222222220000000000000000000000000000000000000000000000
111111111111130000000000000000000000000000000000000000000000
111111111111130000000000000000000000000000000000000000000000
11111111111113000000000000000000000000000000000000000000000000000000000000
1111111111111300000000000000000000000000000000000000000000000000000000000
111111111111130000054444600000000000000000000000022222000000000000000000
111111111111130000000000000000000000000000000000000000000000000000222200000222000
11111111111111700000000000000000002222000270000000000000008200560011119999911100
11111111111111122222222222222220000000000112222222222222221100000011111111111100
1111111111111111111111111111111000000000011111111111111111110000001111111111110
11111111111111111111111111111110000000000111111111111111111100000011111111111100
11111111111111111111111111111110000000000111111111111111111100000011111111111100
